1.0 0.0 0.0
0.8660254037844387 0.49999999999999994 0.5235987755982988
0.5000000000000001 0.8660254037844386 1.0471975511965976
6.123233995736766e-17 1.0 1.5707963267948966
-0.4999999999999998 0.8660254037844387 2.0943951023931953
-0.8660254037844385 0.5000000000000003 2.617993877991494
-1.0 1.2246467991473532e-16 3.141592653589793
-0.8660254037844388 -0.4999999999999997 -2.6179938779914944
-0.5000000000000004 -0.8660254037844384 -2.0943951023931957
-1.8369701987210297e-16 -1.0 -1.5707963267948966
0.49999999999999933 -0.866025403784439 -1.0471975511965983
0.8660254037844384 -0.5000000000000004 -0.5235987755982991